0.891082 -0.20836 0.403185 -0.93116
0.301901 0.935452 -0.183806 -0.155187
-0.338863 0.285509 0.896469 0.182457
0 0 0 1

0.859766 -0.249598 0.445536 -0.966947
0.352777 0.921089 -0.164753 -0.163043
-0.369256 0.298824 0.879974 0.227508
0 0 0 1

0.819413 -0.255576 0.513072 -0.978495
0.394464 0.90086 -0.181242 -0.149743
-0.415886 0.350901 0.838992 0.277373
0 0 0 1

0.738205 -0.34149 0.581754 -1.1804
0.455628 0.888363 -0.0566889 -0.013771
-0.49745 0.306911 0.811387 0.254605
0 0 0 1

0.814398 -0.292808 0.501018 -1.01788
0.425023 0.888801 -0.171431 -0.114905
-0.395109 0.352557 0.848288 0.232684
0 0 0 1

0.811215 -0.248664 0.529241 -1.05281
0.385793 0.90774 -0.164838 0.00554507
-0.439424 0.337896 0.832306 0.253616
0 0 0 1

