-0.814927 -0.213547 0.538787 -1.86558
0.42973 0.401133 0.808965 -2.21179
-0.388877 0.890781 -0.235126 2.48933
0 0 0 1

-0.73742 -0.253188 0.626185 -1.95885
0.454116 0.500427 0.737124 -1.79287
-0.49999 0.827931 -0.254048 2.57879
0 0 0 1

-0.844192 -0.203111 0.496071 -1.20108
0.302906 0.582763 0.754079 -1.31788
-0.442254 0.78685 -0.43044 2.79328
0 0 0 1

-0.703568 -0.251743 0.664543 -2.00211
0.478696 0.523248 0.705026 -1.62532
-0.525206 0.814148 -0.247632 2.51789
0 0 0 1

-0.77849 -0.26389 0.569487 -1.66441
0.364493 0.54858 0.752466 -1.55694
-0.510977 0.793361 -0.330878 2.65954
0 0 0 1

-0.894791 -0.122412 0.429378 -1.43213
0.354345 0.390391 0.849726 -2.30433
-0.271642 0.912475 -0.305942 2.68705
0 0 0 1

-0.79038 -0.215385 0.573505 -1.83418
0.447906 0.435506 0.780843 -2.11131
-0.417947 0.874039 -0.247743 2.60455
0 0 0 1

