-0.82419 -0.23436 0.515545 -1.39105
0.30586 0.581948 0.753516 -1.3718
-0.476615 0.778725 -0.407954 2.79732
0 0 0 1

-0.798346 -0.209162 0.564708 -1.0262
0.380767 0.551167 0.74245 -1.49898
-0.466541 0.807754 -0.36038 2.40328
0 0 0 1

-0.759542 -0.235059 0.606501 -1.27623
0.455447 0.473517 0.75389 -1.92702
-0.464397 0.84884 -0.252599 2.40089
0 0 0 1

-0.783395 -0.273338 0.558192 -1.1198
0.324239 0.586472 0.74224 -1.31127
-0.530246 0.762455 -0.370812 2.33048
0 0 0 1

-0.752194 -0.244178 0.61203 -1.49829
0.445824 0.495363 0.745558 -1.9344
-0.485226 0.833662 -0.263749 2.5303
0 0 0 1

-0.779044 -0.227215 0.58435 -1.08015
0.425385 0.493131 0.758861 -1.76526
-0.460585 0.839759 -0.287517 2.35917
0 0 0 1

-0.793197 -0.20812 0.572298 -1.35027
0.415082 0.502876 0.758171 -1.71672
-0.445585 0.838929 -0.312493 2.5154
0 0 0 1

-0.85045 -0.213986 0.480566 -1.11382
0.316828 0.52091 0.792636 -1.59745
-0.419945 0.826355 -0.375211 2.66771
0 0 0 1

-0.844663 -0.196215 0.49804 -1.17984
0.308863 0.581258 0.752824 -1.32445
-0.437205 0.789708 -0.430363 2.79851
0 0 0 1

